7.043471146050485077e-01
-2.315388938454458756e-02
4.443352016811487060e-01
4.531113387761355749e-01
5.858393071988615697e-01
2.602791330668243197e-01
3.974503162522314281e-01
5.150826373707978467e-01
6.867413428611814918e-01
6.642469718576233806e-01
5.508235200320255043e-01
8.395453309087617111e-01
6.751799613850967274e-01
7.272593445889123931e-01
1.781098258066761975e-01
2.042997710564153635e-01
-2.228667002829780308e-01
2.672839603889755611e-01
3.567130060999941232e-01
5.477479569275840454e-01
4.239924553396400841e-01
4.323364590796867635e-01
6.820256601176806210e-01
2.339810600232782867e-01
5.866237463078918246e-01
3.638828084183816092e-01
8.304794402447407409e-01
7.571524105725042642e-01
5.184471365461007508e-01
3.868401932246162689e-01
4.546671872624173383e-01
6.333285638535558482e-01
6.052632460205189524e-01
3.290266405204044786e-01
-1.581692764667471385e-01
6.352085413072925402e-01
7.849697673175286550e-01
4.828996151576256946e-01
4.259368324596340405e-01
3.358889765580918563e-01
5.996258866568262569e-01
6.615255290627931606e-01
6.963808652868690441e-01
4.541913240355009984e-01
3.337740023678242851e-01
6.238476390696912066e-01
5.964495641139926363e-01
6.004910137285666138e-01
4.900192446372055866e-01
4.327749109233633984e-01
9.290965681202795201e-02
4.568603690440432574e-01
4.498076788931055225e-01
4.184311523728834192e-01
-2.061844914166482967e-01
-1.267152463599761081e-01
1.476669583955659004e-01
6.840352149766047996e-01
1.285698287373683024e-01
1.199437945724094179e-01
5.994838996873605996e-01
6.201640573820046617e-03
7.498955286612969395e-01
2.799629822714874705e-02
-3.250127780044337333e-01
-6.018390077507394798e-02
5.253396089684913006e-01
6.368811135226719600e-01
4.821582532671863097e-01
3.979751461845677518e-01
7.676323196237927471e-01
-4.327527697363102444e-02
6.196237082670125185e-01
2.251053371405739578e-01
5.444469600479497906e-01
7.258644785069962024e-01
4.657176875061651566e-01
4.761856844939267863e-01
3.858946134296962760e-01
4.324069917030632926e-01
-1.852380527715009537e-03
6.329211798321696669e-01
5.969193374673354979e-01
2.101297327703622875e-01
-1.253342429899254873e-01
3.663562577526264796e-01
4.102913902476240660e-01
4.052977628375497576e-01
6.660480517587094029e-01
4.161613468996641640e-01
4.343922388115103450e-01
5.279953085311813732e-01
3.140067752353435382e-01
6.862948979458557419e-01
4.815728509251218092e-01
6.500702511878778678e-01
-6.480544246998846958e-02
7.577197298924376323e-01
4.934737939537977569e-01
-8.096993852268773162e-02
