-1.392106098539431569e+00 -2.265981686228023262e-01 -1.814754942887927269e+00 -1.882634157059931201e+00 -1.772601986979732924e+00 -1.861556737325638089e+00 -2.147892161507766406e+00 -1.824018233888865081e+00 -1.718862905089078241e+00 -2.580758537301150568e+00
-1.583472103592930891e+00 -2.896464000791590943e-01 -2.155644215395065896e-03 9.440299270779638208e-02 7.475256112194414992e-01 1.045107211437150019e+00 -1.044048179703141628e-02 -2.431850922424793893e-01 -4.135687586377028713e-01 -6.974414251960338040e-01
2.115742757543513375e-01 -8.705910866203985243e-01 -8.890838264286684556e-01 -2.145191816716817357e+00 -8.520157375941069811e-01 -1.550478257580599095e+00 -2.157467275738969015e-01 -1.599761781979273767e+00 -1.080368471944239683e+00 -1.469423393671479117e+00
-3.124500552844008183e+00 -3.483776937932844486e+00 -2.073435937541600271e+00 -2.609499310586587573e+00 -4.442058791798369377e+00 -3.194374287830464620e+00 -3.052860549124904566e+00 -1.999594088491117194e+00 -1.578487416569553936e+00 -3.592639075004865568e+00
-1.559489629614789097e+00 -1.350150280565096672e+00 -1.546093231269610957e+00 -1.603008555822296399e+00 -2.193157221492961106e+00 -9.866831460554317257e-01 -1.667747818073240795e+00 -2.173744043355771094e+00 -1.430651063935546974e+00 -9.172193924366678353e-01
-1.045569557562481267e+00 -1.348235548161685005e+00 -3.930825678890869646e-01 -1.312671098766800215e+00 -8.111999361065840297e-01 -1.366084134827673324e+00 -9.522934223678173327e-01 -6.156181965629970998e-01 -4.024575140797531092e-01 -4.647173930443218026e-01
-2.179880655068684003e+00 -2.415450881189069143e+00 -3.269624447660481437e+00 -1.679360594063920020e+00 -3.009546523881021951e+00 -3.403186153876722742e-01 -9.385335847075356730e-01 -2.771086539637184654e+00 -2.751623397170031904e+00 -2.984315935984748869e+00
-1.664819092699969971e+00 -2.781755453863460570e+00 -1.391728503795602867e+00 -8.952490236239026844e-01 -1.407826334468305962e+00 -1.401960183059097975e+00 -1.965911680356947855e+00 -2.453163630322533706e+00 -2.071214884234219511e+00 -1.471930942262186015e+00
-2.774930978031021400e+00 -2.671200400449432077e+00 -3.074748436852295708e+00 -1.276606608368028306e+00 -1.211948451021455320e+00 -1.810182129043300892e+00 -3.592128990111840725e+00 -2.363596183016180685e+00 -7.949253179761431864e-01 -2.636802946210802467e+00
-4.047895964488480658e+00 -2.164545386759719747e+00 -1.627529114190088055e+00 -2.707644299281369182e+00 -2.525768219395652547e+00 -3.075439236898664497e+00 -2.489210841101703320e+00 -3.112562410706865013e+00 -3.698713495168392651e+00 -3.420431720625983996e+00
-3.481647463118119568e+00 -1.102286167107764170e+00 -2.522146027411496849e+00 -8.262938142848051948e-01 -2.648759516069948639e+00 -5.435547623508779624e-01 -1.898302987974483047e+00 -1.510833735315932902e+00 -1.493002920743809359e+00 -1.219337348462228077e+00
-3.913075265236698908e+00 -2.292932167098996388e+00 -9.521502549167514262e-01 -3.491670826044262821e+00 -3.363080075392856916e+00 -3.789831656532429260e+00 -2.886441906063429208e+00 -3.416912657704098688e+00 -2.137347103227604350e+00 -3.718369848804023992e+00
-4.035718381246038433e+00 -2.489516944605891791e+00 -2.201261493296894578e+00 -3.011366546125571197e+00 -2.101469028327038302e+00 -2.735542707710825194e+00 -2.757695387312097512e+00 -1.558190164649123188e+00 -1.284643223395240730e+00 -3.559170282651781481e+00
-2.527095482334202892e+00 -1.214502209704820146e+00 -3.933935300618866204e+00 -2.473657123156719262e+00 -2.617610361519229656e+00 -1.529408241161586135e+00 -2.696963277037693452e+00 -2.026385979186320796e+00 -4.010987205698391733e+00 -4.387236012723187528e+00
-2.147347846631154411e+00 5.437583529379592939e-02 -4.712111665523475157e-01 9.348616752869658431e-01 -1.480207917275323803e-01 7.029949083228225204e-01 -1.287166967153607455e+00 -6.713250721966739221e-01 -5.195402192608215008e-01 -1.617149703800941918e-01
-1.864220203103889584e-01 -2.292511095026082302e+00 -1.207085867060563755e+00 -9.345999351404572497e-01 -2.183974394235871641e-01 -6.771283320814499573e-01 7.460954233300293170e-01 1.427844380840711733e-02 -1.226923691063153798e+00 2.001050300557893069e-01
2.241096983528668041e+00 3.900583777136845121e-01 1.605701173060379183e+00 -8.459233829674643879e-01 -1.409972965387827903e-01 -4.256766060923152240e-01 -5.421994986345969325e-01 -6.694517601854591549e-01 -9.786598279950478041e-01 -6.599019914588567515e-01
-7.323352921614905142e-01 4.344397256314841416e-01 -1.458381905008811819e+00 -1.855009596991253673e+00 3.344011558486517655e-01 -1.343847784612885121e+00 -2.104806180029941576e+00 4.605638895068736027e-01 -1.724772521597502495e+00 -5.618007830700412208e-01
-1.319349622647737474e+00 -2.803560351130017114e+00 -1.236207585268664255e+00 -2.404046623808873129e+00 -1.364768896545045518e+00 -2.123616527329908799e+00 -1.657736383060908647e+00 -2.788692922694183007e+00 -2.088688913339081576e+00 -3.147468351390011687e+00
-2.067215642527651553e+00 -3.207175274608347948e+00 -1.082608312925503746e+00 -5.798815360216940107e-01 -2.095899138181154697e+00 -1.631754293866543470e+00 -1.164622279432869556e+00 -3.362234674340290219e+00 -2.915862855174050416e+00 -2.599974656316556221e+00
1.644036637255439914e-01 -2.799876059122357486e+00 -2.602756855649007939e+00 -2.976721132465139696e+00 -1.522084488888737486e+00 -3.339210166199629182e+00 -2.983380078782664313e+00 -7.255942225993579076e-01 -1.063508103290895512e+00 -1.983849284354026299e+00
-7.005477191758583411e-01 -1.531559272709486663e+00 -1.544230423022234788e+00 -1.713619495910433804e-02 -9.588695206982080776e-01 -1.071585751138958570e-01 -2.253531335007098679e+00 -4.465270297260748311e-01 -1.447007709782043294e-01 -1.356970489711999628e+00
-1.854146867168866120e+00 -1.112077811186013898e+00 -1.620729147230602685e+00 -7.901777970384668004e-01 -2.137693562365938771e+00 -2.391094248815017309e+00 -2.568620864236468737e+00 -1.064367207408842830e+00 -2.626695417455110704e+00 -2.005099165837531228e+00
-4.365677313693744899e-01 2.647130512162508276e-01 -1.368882797260214446e+00 -7.748120843258510249e-01 -3.379907732512596463e-01 -9.334455027589039222e-01 -1.099972632341673862e+00 -1.283021053884111806e+00 2.254335115887322327e-02 -1.233427831585055312e+00
-2.992492057554743567e+00 -2.607180283769330309e+00 -3.402307703623565160e+00 -1.913145001453329108e+00 -3.017832118462636881e+00 -2.668429866753072588e+00 -3.979736925378480894e+00 -2.877536503701457526e+00 -2.404967862125229949e+00 -1.839752651073738532e+00
-5.999587906190670950e-01 -3.587800831103819532e-01 3.512426982904102712e-01 -8.483512690166720160e-01 -1.960013225898918687e+00 -4.464939050485393079e-01 -9.059179788943286793e-01 -1.815622570367571464e+00 -1.452395993691421472e+00 -2.439660274758247649e+00
-7.455614609420517791e-01 -1.385705605209367919e+00 -1.931857027336691734e+00 -1.438374141789102056e+00 -2.108122840648374741e+00 -2.500366316940672462e+00 -1.211095110512087292e+00 -2.409167532364401065e+00 -2.136633811434120123e+00 -2.432374745392707371e+00
-2.104642893422881134e+00 -1.835223815087268839e+00 -3.585295449639931853e+00 -2.979668927985554383e+00 -3.041926429055870518e+00 -1.802823536463082021e+00 -2.924529833358257669e+00 -9.074486090026172569e-01 -2.494898023113251373e+00 -8.463676724119877370e-01
-1.859373697571415907e+00 -2.675827350919275815e+00 -1.787536239373363589e+00 -2.243294423877313815e+00 -1.955968363837595536e+00 -2.691794285166961842e+00 -2.076674118312435979e+00 1.514527006025003508e-01 -1.888660659661135055e+00 -9.466136291790205881e-01
-3.130493234823100934e+00 -3.883215883772692667e+00 -1.501164601194879600e+00 -2.794719354825217827e+00 -2.938072146565387843e+00 -2.534016508970065917e+00 -2.045892795737134229e+00 -3.020989447361501323e+00 -3.440651859865678563e+00 -2.561079624711804836e+00
-1.600944789996862294e+00 -2.747264534367789057e+00 -2.195152040489773082e+00 -2.137590109819177631e+00 -1.928024157306616804e+00 -2.742519128232897785e+00 -1.420237908574060404e+00 -1.829872158182740405e+00 -9.749725992328283075e-01 -1.019871540632828255e+00
-1.629352776607177145e+00 -1.236522966383883704e+00 -1.206390756406058529e+00 -1.950295163093897166e+00 -2.180322231550685608e+00 -1.812717859741321158e+00 -3.809024744709810228e+00 -8.199392788768500306e-01 -1.060351451263790157e+00 -1.523878306263103610e+00
-2.931883639197016667e+00 -2.495793995726532266e+00 -1.380300397501780463e+00 -1.840764002619605044e+00 -6.799599787675064677e-01 -1.159545705839784668e+00 -2.766196901625754379e+00 -2.581576584140673702e+00 -2.994186505377017582e+00 -1.784455547482646232e-01
-1.844379658938279487e+00 -1.101719046431010041e+00 -4.987442195283907087e-01 -7.468782770159806406e-01 -1.880915241340663124e+00 -1.277977109069922568e+00 -1.160922881887330727e+00 -8.372567128128436398e-01 1.636172492640058651e-01 -7.519155649782622852e-01
1.760196137463671262e-01 5.281706282934149899e-01 1.577336613875163218e-01 8.400976595545708858e-02 9.280886406139920997e-01 -8.665149959227921306e-01 1.064934148328269492e+00 3.559256047733541095e-01 -7.680920174923231425e-01 -7.478400528620040566e-01
-2.312997965533701628e+00 -9.333034548253302809e-01 -1.891660051125079178e+00 -3.093390188058987356e+00 -2.190826269280460981e+00 -3.538479621420904220e+00 -2.898783542861707030e+00 -3.304375670864938552e-01 -5.917612188915353233e-01 -3.643323872094331506e+00
-3.286141057026304324e+00 -2.119731953368070965e+00 -3.103416275801019530e+00 -3.774035898705387027e+00 -3.555408981243219468e+00 -1.841966201799006386e+00 -1.678752584905716327e+00 -1.797511975395271300e+00 -4.043085657368422403e+00 -1.756081998323455906e+00
-7.466386542971060747e-01 -1.256566464030122843e+00 -7.641600484891910572e-01 -1.659482971117151928e+00 -2.558266777450756368e+00 -2.271141490217087888e+00 -1.429107918244485020e+00 -2.102439277520084193e+00 -1.547366098319940431e+00 -1.935677404837502946e+00
-2.790762607400356199e+00 -2.252228040870205117e+00 -2.373013904775113314e+00 -2.692875588124176378e+00 -3.742469076856284715e+00 -2.494853311438193888e+00 -4.654810542236711868e+00 -1.974631995158713904e+00 -3.233788620114715684e+00 -2.195577248391450631e+00
-6.595597175823998404e-01 -3.638977545408099701e+00 -3.537607278229280894e+00 -2.526760972592352328e+00 -3.160474033550666029e+00 -2.786396098505652397e+00 -1.715094192697995457e+00 -2.997291871741327274e+00 -6.344652903490251017e-01 -2.204911381230809209e+00
-2.280142361732657275e+00 -3.475088921396414676e+00 -1.499631283279069915e+00 -1.405780158422279102e+00 -1.971806189469875292e+00 -4.172455828005633194e+00 -1.937997134875969030e+00 -2.825387620819994616e+00 -1.841185882969064602e+00 -2.470857521245874988e+00
-1.495108885926258457e+00 -3.385363333027519239e+00 -2.828785590297449026e+00 -2.846425700463185660e+00 -1.178683574739345818e+00 -2.687343087623029092e+00 -4.018743511098351040e-01 -2.381139377873441987e+00 -3.431211621978167869e+00 -2.456787764362349247e+00
-2.166948731683268292e+00 -2.820068639021405588e+00 -1.807209097570118495e+00 -7.201452419090860202e-01 -1.951280121900221376e+00 -2.287649758047093140e+00 -1.139425079516634520e+00 -3.010046752897080236e+00 -3.153195145041809866e+00 -3.825508048709389541e+00
-2.059317276830381349e+00 -1.143019206176548730e+00 -2.098905461889675195e-01 -1.793469146172933515e+00 -9.164845082430073120e-01 -3.187662450126206970e+00 -9.122209405655737902e-01 -9.170402105230884837e-01 -1.380630564148378925e+00 -3.242281892305337587e-01
-2.761307530084702866e-01 -1.827852140542035375e+00 -1.465714848437904116e+00 -9.412811383278428812e-01 -1.939093292936179047e+00 -1.452582780992156097e+00 -2.547571259500843510e+00 -2.572502678212102101e+00 -9.997865726085446436e-01 -2.939058793001197767e+00
-2.014392622715571068e+00 -1.057688817674327764e+00 -3.370475027836417503e+00 -3.497603040641608541e+00 -2.891549642109010776e+00 -2.369169012499432014e+00 -3.889296304216631750e+00 -2.306618064372090604e+00 -2.305627535461257871e+00 -1.036492785071677414e+00
-1.530360171654948864e+00 -3.031582262917916992e+00 -3.928144694733430420e+00 -2.369399015824920518e+00 -2.466779330183237917e+00 -3.116101176122124450e+00 -2.993186116733796975e+00 -2.284908450021799986e+00 -3.356140701892859735e+00 -4.871759680050484320e+00
-1.643725094627817462e+00 -3.412803958509309954e+00 -3.643550675734887001e+00 -2.443751425336413430e+00 -2.605849720057614949e+00 -3.021357620229910168e+00 -3.062597508920672063e+00 -2.120832195750586013e+00 -2.279543798610958572e+00 -1.946906469964918784e+00
-3.624421115371652569e+00 -1.357218778793463088e+00 -1.358300004512441372e+00 -2.838747299279184233e+00 -1.405785039570431660e+00 -3.723441635788072634e+00 -1.425359258417973729e+00 -2.794078313547556647e+00 -2.059353291549457232e+00 -3.128879124662133471e+00
-3.542287515882736937e+00 -2.880754775219068087e+00 -2.964848027989968937e+00 -2.734378901243925242e+00 -1.101076929894707845e+00 -1.752913538908351665e+00 -2.953135874450125264e+00 -2.187220525866270471e+00 -2.635583583348398484e+00 -2.824819602908372751e+00
-2.597030849118944218e-01 -6.047183968177558544e-01 7.818128434451062647e-01 1.983035647871731755e-01 1.130255967130401051e-01 -6.570194536310591804e-01 -6.569478443710803361e-01 1.842065968086880889e-01 -7.762612614303192604e-01 1.121133687132968015e-01
-3.129800775316856409e+00 -3.283803148710016995e+00 -1.468309596599721267e+00 -1.770024704030077833e+00 -1.863796670304068703e+00 -2.804222078219106074e+00 -1.789882993078308671e+00 -2.471102831289413437e+00 -2.156884742975734959e+00 -3.435590574901919325e+00
-3.107453704586366161e+00 -1.668864470781950438e+00 -3.267804378595332571e-01 -3.298807926740229490e+00 -2.884985758574164505e-01 -1.663461994355971196e+00 -2.819886323089229041e+00 -1.330608899648595855e+00 -1.964002647476565944e+00 -2.474655096217154959e+00
-1.382887820665930079e+00 -8.325659817466726231e-01 -1.430440754401123726e+00 -1.875658838472750167e+00 -3.225969528621107418e+00 -2.440151004765375831e+00 -1.745046826617283386e+00 -3.962899301200833779e+00 -2.031463127585144246e+00 -2.237240299713329605e+00
-4.037066634322717951e-01 2.455424455382054227e-01 1.437810830756029334e+00 4.547478786442326615e-01 -7.544498624131310560e-01 9.102922794752037472e-01 -2.113138371816316863e-01 -4.657970524757402142e-01 -2.897963039630402360e-01 7.951976048413075260e-01
1.040564980965590580e+00 1.014894058613480698e+00 -1.239362349263769050e-02 -5.533332721746356819e-01 9.469549862945100260e-01 4.957556259294029211e-01 -1.777423219156288425e+00 -3.037508439899890833e-01 8.751288351317861869e-01 -2.783195760341486413e-01
3.848269426361973777e-01 -1.504632460332122612e+00 -6.278913147003455375e-01 3.094628116973246468e-01 6.324895242348702595e-01 -1.333473783594289586e+00 -2.057864505564548363e+00 2.910897807170921836e-01 -2.910989665558099126e-01 -1.264947238480437663e+00
-3.486449922634060616e+00 -3.736912589983561350e+00 -2.710534832004501293e+00 -2.815694191627392762e+00 -2.682361262991277417e+00 -2.763490162971940389e+00 -1.245955236411701916e+00 -2.901760540204076477e+00 -3.215927537095191635e+00 -2.512376712260588452e+00
-2.373426069245708980e+00 -1.067692855121008311e+00 -2.445438773678725031e-01 -6.479909279233035946e-01 -9.615495920645590611e-02 5.721755732573139408e-01 5.716592336753280046e-01 -8.490662287386114837e-01 -5.440463769986265685e-01 4.923918474193392236e-01
-5.686276996848856902e-01 -1.735688129814067504e-01 -1.192490565412760883e+00 -6.067396946304464134e-01 2.066331990504131910e-01 6.297433087290852383e-01 -8.298955364071048946e-01 6.664037829870843588e-01 2.503939836876186154e-01 -4.291231869748728944e-01
-2.530934265867507360e+00 -2.763286937650228925e+00 -2.201298473119872590e+00 -1.680970137379600660e+00 -1.933899634956550262e+00 -3.087550621093569703e+00 -4.896899463141247688e-01 -2.665247048098148497e+00 -1.982782787317653561e+00 -2.551635058731370087e+00
-6.525251427287630523e-01 9.191352805917981650e-01 -1.137156780047560893e-03 -5.675268115919989143e-01 -1.069567362444337588e+00 -6.703192654446434029e-02 9.683936299120888824e-01 7.903476623691209069e-01 -1.740632378489940457e+00 1.896551911383957678e-01
-4.809949222512206468e+00 -2.234139856520533041e+00 -2.290080305581679632e+00 -8.944203104937360482e-01 -6.111328050992425043e-01 -9.651444501483319449e-01 -1.018101225592423553e+00 -2.443749877646890667e+00 -2.970230720247089007e+00 -7.394753412654682112e-01
-1.650545941922581805e-01 -1.117246951617769435e+00 -4.079280831558628612e-03 -8.554627968288547324e-02 -1.294537623429558693e+00 -1.164834388635604068e+00 -2.789516982459729344e-01 -7.264775859604756247e-01 -1.043939945735195440e+00 -7.407072255117046478e-01
5.035978226033416272e-01 4.793307636877691125e-01 -1.155089207692963499e-01 1.922506795400665158e+00 4.472762332883229441e-01 1.572617725647426079e+00 -1.015994575555880103e-01 -8.371829291289752117e-02 1.948034315807718186e-01 -1.271677211513580597e+00
-1.741506693891197610e+00 -6.326177690494916295e-01 5.056945960314601640e-01 -9.321626416299744200e-02 -5.244441307859697421e-01 3.140594189603026359e-02 1.040409562063601578e+00 -2.621743476741621226e+00 -6.068866773871713916e-01 1.442637719978539179e+00
-1.435638539082275678e+00 -1.984805399328857800e-01 -1.243233503840756704e+00 -1.103961674396698012e+00 -1.025342915172701153e+00 -2.609483212490423920e+00 -1.180805187788370292e+00 -9.841775023947914036e-01 -1.437942274735599879e+00 -1.577455653931020052e+00
-3.118547222580633438e+00 -3.406509751776249928e+00 -2.613884298914644244e+00 -2.619615017357325382e+00 -2.794219025209634388e+00 -2.823336788580367074e+00 -2.612736993706063604e+00 -3.207444228838285838e+00 -2.597145875926123448e+00 -2.787876850793614913e+00
-7.343226124577807434e-01 -2.848452504512648087e+00 -2.575757313945000959e+00 -2.520046125007872728e+00 -2.750449065240899493e+00 -7.875096390556866055e-01 -1.944545358762651333e+00 -2.857383014875286342e+00 -4.209961172929725493e+00 -3.046316274763449794e+00
-1.027414457513166735e+00 -1.341777725489680551e+00 -1.971439160128350743e+00 -1.493476859642129506e+00 -2.080480627704746510e+00 -1.932098332471273272e+00 -1.315036775634496946e+00 -1.451316062983598831e+00 -8.301935920219885023e-01 -8.058697035282059717e-01
-2.134861780197028658e+00 -1.757086482417937967e+00 -3.308249050450037920e+00 -3.178164194488700467e+00 -1.541903963960877810e+00 -1.859619551200361043e+00 -2.526960052598360651e+00 -3.186585183866106785e+00 -3.491900433772261891e+00 -2.858324224166748806e+00
2.303588892225832685e-01 -7.988391974969093479e-01 -9.839953491212662107e-02 -2.332453974197418456e-01 3.488476165224285164e-01 1.715793402643442656e-01 -1.348892190274357528e-01 4.619477169838928643e-01 5.298308752644559361e-01 1.039187477771667201e+00
-1.808981052446177351e+00 -3.632223118652793681e-01 -3.770345409323720975e+00 -2.899651843880257651e+00 -3.880027206983481580e+00 -1.244037612544670379e+00 -2.152409325478579660e+00 -1.536728356483846980e+00 -2.884498630268028663e+00 -1.726603375518772632e+00
6.139796741610648034e-01 -3.977444946423178695e-01 -1.788649035781959551e+00 -1.980105122403899465e+00 -6.113416187274406388e-01 8.316162452546748129e-01 1.177587065853735460e-01 -3.129394430641371794e-01 -1.349491758715899437e+00 8.541856766558048042e-02
-1.420224948465359516e+00 -1.984838602322455792e+00 -3.352331768717633054e+00 -1.059715516275862468e+00 -1.307173897507242222e+00 -1.164838447731755711e+00 -8.794474346969520795e-01 -2.794928499898390761e+00 -1.443118221999071693e+00 1.589108593014937065e-01
-3.750105516111434500e+00 -1.836842042568975986e+00 -3.514144820302779859e+00 -1.708325869076303460e+00 -1.562848421339941174e+00 -1.654795613481633509e+00 -3.955879134144270726e+00 -2.978948696427269560e+00 -8.785382330668790596e-01 -2.682682422374398801e+00
-1.927040023997207641e+00 -2.294692390958834149e+00 -1.554650173512845956e+00 -2.471661432894143751e+00 -1.317471951530658103e+00 -1.468659135190349518e+00 -2.365620951982295050e+00 -2.657944975092831896e+00 -1.563142727261900289e+00 -7.742505136249484554e-01
-1.238777298974504282e+00 -2.412597958124326425e+00 -1.799946317888042824e+00 -2.245930124031301656e+00 -1.223189386866981865e+00 -1.688284834143244373e+00 -2.753372068239047454e+00 -1.691156756263543892e+00 -2.142820443774691164e-01 -1.562551770132325490e+00
-1.636325846306068144e+00 -2.846308931153415767e+00 1.862602624126203366e-01 -2.053141178462210004e+00 -3.751015777857634736e-01 -1.603500404426091874e+00 -1.544410180742079586e+00 -3.296578952697885256e+00 -1.149261577021031711e+00 -2.255540815815686884e+00
-1.085424614405569255e+00 -1.264390663386679048e+00 -1.323511032318810843e+00 -1.426458172772962163e+00 -1.933191744049477911e+00 -1.498294650191571042e+00 -6.818676414402905506e-01 -2.807886691912504951e+00 -7.706172802951931633e-01 -9.053299502018984368e-01
5.165441976866112783e-02 -4.116124205760732235e-01 1.715612092387970855e-01 -3.255213355751067072e-01 -2.089729421157185407e-01 -5.540928002900199489e-01 -1.743112222492833263e+00 2.861397845911601845e-01 -6.455054847829364562e-01 7.512807767908623591e-01
-2.788527584058329900e+00 -2.871959548111552962e+00 -2.382895434497499298e+00 -2.985203158059797968e+00 -2.054526614214437608e+00 -3.989380469158170239e+00 -8.569139592940944183e-01 -1.440666910044632543e+00 -3.244104986198952378e+00 -1.055956944468996461e+00
-1.206605153182652268e+00 -1.390286758223407526e+00 -2.548167610215298584e+00 -2.980217043328377891e+00 -2.177861553908941872e+00 -2.745853601378888342e+00 -9.661549097409046771e-01 -2.955415817428482250e-01 -2.731649242828295243e+00 -9.124718702227223588e-01
-7.722056419236648095e-01 1.769074580178184197e+00 4.093752827218236634e-01 -7.125506075196513800e-01 -1.399226258666947720e+00 9.983288570468619172e-01 1.147745295854279535e+00 -2.973161316766402273e-01 -6.851622153473569954e-01 -1.557319090540207451e+00
1.041435429973767590e+00 3.749683429916246535e-02 4.847114403231449486e-01 -9.518570685706263523e-01 -8.149976892795941785e-02 1.315622446622933261e-01 -4.104364655118398347e-02 -1.599530534792986236e+00 -1.965714949698313396e-01 -1.654339332668005452e-02
-2.502999659196339710e+00 -7.760382089200852374e-01 -1.173184526490949509e+00 -1.810982711881936824e+00 -2.010561892116117910e+00 -2.878505475584161033e+00 -2.914429907825248023e+00 -7.689533144723422753e-01 -2.196741489406359271e+00 -3.577164851803747714e-02
-1.979924428288018401e+00 -1.239841596870278950e+00 -1.496118271906883956e+00 -1.181362487865182720e+00 -3.539450210920750184e+00 -1.301904509589348446e+00 -4.296613661012558816e-01 -2.001421313361197996e+00 -9.585914232269814317e-01 -2.818446786280950356e+00
-1.894492562381166145e+00 -1.137275841579739044e+00 -2.687120473511567909e+00 -1.683333431045888062e+00 -7.531055197452364292e-01 -5.149248781277703246e-01 -5.227088035917731856e-01 -6.884944397880066180e-01 -4.167619772284012480e-01 -1.471756435011384312e+00
-1.261730101347351640e+00 -2.482503728149366484e+00 -2.296574261057248378e+00 -1.147806651050550464e+00 -2.973541681875601306e+00 -1.316641974446860264e+00 -1.639600125195664226e+00 -1.184613177205269485e+00 -2.203476326973806909e+00 -1.333939539294730192e+00
2.046336675796666393e-01 5.044568420139950993e-01 -4.635951738967190039e-01 -4.392268930385666015e-01 -1.329546645087633649e+00 -5.029268071254392458e-01 -1.873684469294905508e+00 -1.125920162493617260e+00 -1.218756515915704552e+00 -2.203377344791294323e+00
1.082500107875087603e-01 -3.097171206752988848e+00 -1.305387493002297505e+00 -8.220407936427712725e-01 -1.232001392256276917e+00 -6.195120218194896111e-01 -2.913082746692214453e+00 -1.725841123163099455e+00 -1.519003502140558792e+00 -1.658149700203957799e+00
-2.901350473726066692e+00 -1.430471269918135446e+00 -2.301361855383047494e+00 -2.116289918808586634e+00 -4.299213069401942811e+00 -1.949294924101829141e+00 -1.863445114410973824e+00 -1.267356746605618145e+00 -2.091258161678825722e+00 -1.185375530497820629e+00
-8.991722728937294740e-01 -1.479261826012864489e+00 -3.961506914027008164e-01 -1.554933606794776102e+00 2.089556733203866701e-01 -1.467800435116242141e+00 -1.355094781942466797e+00 -2.231078915896469450e+00 -8.093062445596022059e-01 -1.422193511597603877e+00
-1.717715167563855228e-01 -1.777282994409083994e+00 -2.246730639518269790e+00 -1.041305529578838485e+00 -2.101708665291108780e+00 -2.375994285766590775e+00 -2.135982775852952820e+00 -2.459065688173499797e+00 -2.623851905726203526e+00 -8.842464609325465519e-01
-3.301723914109888192e+00 -1.120001705489270138e+00 -1.760183664542511295e+00 -2.565920010338222479e+00 -1.512979251485148113e+00 -7.285646935831632254e-01 -2.386991702720373976e+00 -3.411344675077154776e+00 -2.048199443967099853e+00 -1.308033968236855138e+00
-3.550042151987459871e+00 -3.290422921575451465e+00 -1.297365535883874044e+00 -3.453588510270498624e+00 -6.320402473680850619e-01 -1.342779223786039422e+00 -2.954922966836143416e+00 -1.197899469442622600e+00 -3.463732457320347624e+00 -2.805371238162438274e+00
-6.451265869535425246e-01 3.242928693778943106e-01 -6.617110125705745471e-02 -8.539307228994931220e-01 9.241861015198887808e-01 -3.346209674071755069e-01 -5.305474927697201304e-01 -4.274508432729474117e-01 -6.867058135958220566e-01 6.650167886322423672e-02
-3.309105987969878093e+00 -2.548067616955177694e+00 -3.238245231998530649e+00 -1.528618102290096870e+00 -1.832574906983007956e+00 -2.132113093578237972e+00 -2.024239583343134807e+00 -2.703919229412528935e+00 -1.351811243804595275e+00 -2.549792311541617895e+00
-1.836446582697048413e+00 -2.797676101596696441e+00 -2.987358996454042792e+00 -2.193512446091459900e+00 -3.152428624517566558e+00 -6.221236710089843580e-01 -1.690754963838891012e+00 -1.780057133742601660e+00 -1.879986443444281230e+00 -2.453108225972261636e+00
-2.365059284639489334e+00 6.564477179842164167e-01 -6.497648994052720450e-01 -2.150373591050646141e-02 -7.103797923789721969e-01 -1.000927492301240340e+00 2.918987443839752283e-01 -6.929199617402486133e-01 -3.630661802198665300e-01 1.438796459499331437e+00
