-2.749295570048015058e+00 9.024778962535235927e-01 1.871812214914480577e-01 1.645703109837792999e+00 -3.580087878428659526e-02 5.312683980849293164e-01 1.762950774196239134e-01 -9.231549017772889831e-01 -1.474276370387222812e+00 -1.035536474818671282e+00 7.053827286029109578e-01 -2.455204387528288623e-01 -2.797184270759797142e-01 3.266319118778121311e+00 2.858115777294780169e-01 7.293595859851903507e-01
1.165309996898044043e+00 -6.477109462059684741e-01 -7.072178515533145138e-01 -2.228895167438747826e+00 -2.095169941591660256e-01 8.719295546075529479e-01 3.012428771364461522e-01 -2.110062018745578527e+00 2.205946933964030021e-01 8.329377320539824714e-01 3.274517694944256707e-01 5.021734772956591986e-01 -2.061291186747367665e-01 9.419712667981329224e-01 1.264123874326670595e-02 9.311200150250364960e-01
-7.038931468647445788e-01 3.887029176557012244e-02 -7.227273355636809615e-01 -7.533699104356617049e-01 4.510072701292815456e-01 1.932904132400037611e-01 -7.655162282333199952e-02 7.340600513617948075e-02 -9.324439707380219877e-01 3.059994223839132554e-02 -7.363614726924706810e-02 1.614944254505306542e+00 9.968842069672839701e-01 5.929431673166906114e-01 -7.661669843986529393e-01 1.236155263812583227e+00
1.169325176353149143e+00 -1.045001856686858854e+00 -2.084184202612743286e-01 -1.208399367930452772e+00 4.135500534810607198e-02 -8.192745040954252378e-01 -3.362540955109973306e-01 1.463496171724356643e+00 -7.841840965281314801e-01 9.506393908360303291e-01 1.993714211359064903e+00 -1.812921289684186754e-01 -2.109531182321889298e-01 8.501645867440416060e-01 4.140038641705987565e-01 -3.013364696426193423e-01
-2.329432711266898437e+00 -2.433681811338440415e+00 2.480475388804724568e-01 8.282933814750004231e-01 1.091141577901805215e+00 -1.603988518907446315e+00 2.615477987160001461e-01 8.195075129370608946e-02 -2.111146461776690852e+00 -2.271812966618344531e-02 5.101918606996396210e-01 8.847573178900856039e-01 7.316134256802946378e-01 1.417517681675248609e+00 -1.058894835862950884e-01 3.146151253355239374e-02
9.629280125721528805e-01 4.476446028873542482e-01 -6.584649825564028447e-01 3.804788421353191841e-01 1.743582569119218884e-02 2.114782290647778673e-01 6.649407208872653019e-01 2.516842502183921360e-01 9.038109075346515420e-01 9.495734097406471896e-01 -4.165974605858572266e-01 2.020480325520245479e+00 -1.506118639121199143e+00 3.766653036054595088e-02 5.228373681652347393e-01 -9.221139297704754600e-01
6.469895998387884539e-01 -9.779839868944453229e-01 -4.766129371784302848e-01 6.965925458721106134e-01 5.444627566962229048e-01 -1.160012220183647830e-01 5.207532248515764906e-01 -6.526457256537134821e-01 -5.878013024844460643e-01 -9.986347748977487671e-01 9.444063184720968840e-01 -1.402465293025603466e-01 2.798964140791199151e-01 8.200207144790147007e-01 -8.244758080596258365e-01 -2.995527816445902047e-01
9.236000521995697821e-02 -9.463697189833644163e-01 -2.986551078815820048e-01 -2.467919546763023053e+00 1.360244650561794888e-01 -1.340034388725625414e+00 -4.834709593793216909e-02 -4.752345667408334196e-01 7.839342415002160946e-02 -2.626831189990403437e-01 -8.429909107068377372e-01 -5.625149687913663099e-01 8.165769440529638823e-01 7.904733600834479290e-01 -1.930037190014235682e+00 1.676904323773339645e+00
4.730165201252480855e-01 1.075329828953589306e+00 1.061638558819052225e+00 1.417298226819163176e+00 -1.827151366524343512e+00 9.307987484755017027e-01 -5.195628085409393915e-01 -3.944275680899579917e-01 6.079636396454207725e-01 -2.782090347466434466e+00 -1.134388143538589855e+00 1.982510590852268439e+00 -2.268841605929325100e-01 3.351499802699513531e-01 3.652251577223820656e-01 1.491226170395872019e+00
4.160230612256087257e-01 6.071470337269820744e-02 1.372301063486887962e+00 -8.894602155823269074e-01 9.581101311859956393e-01 1.048188747049627390e+00 2.406702598691487172e+00 -1.840561538949967435e-01 1.884064547294962644e+00 1.450456605231686957e+00 3.196394587721576031e-01 5.754640294772424003e-01 3.276779030007019866e-01 -7.677216706233932486e-01 -1.433963699715107731e+00 -7.255879295350569080e-01
1.325697269430457848e+00 -9.507196141603040385e-01 -5.965955793530867135e-01 1.593038706073171218e+00 -1.238946834623441795e+00 -2.727121967415303327e+00 -9.073217893953339219e-01 -2.731438356369891629e+00 -5.627115202409564976e-01 1.829522366906802255e-01 -8.707858232799717269e-02 -6.830688718703644691e-01 9.404832258376010223e-01 9.365982510405140848e-01 2.119117452190517614e+00 -9.808333798465751485e-01
5.865989011076346848e-01 2.343677084416533329e-01 -2.064690691963089880e-02 9.347030490538885128e-02 3.322697040478125308e-01 6.331110141964585436e-01 -1.357155460195153540e-01 -1.428561474110271179e-01 -9.578059804763061624e-01 1.614265385374848094e+00 -3.346900358698628453e-01 1.220547992875283816e+00 1.711989955897219806e+00 -2.598256454662458692e-01 1.053108540074380262e+00 -1.330276681668703720e+00
-1.346074955962763164e+00 8.636413953151083067e-01 1.597287668851222531e+00 -1.023636839519423081e+00 -3.891549024624663122e-01 -5.331152483460301905e-01 -7.984311282026510526e-01 -5.109402898082575639e-01 -2.269334729581200250e-01 -1.987394041863800032e-01 1.300760960968143198e+00 4.005073037294561988e-01 1.988644400264550693e+00 -1.723622610484692730e-01 7.956920474364084783e-02 4.352437208397089141e-01
9.974311474475189288e-01 1.155296529050852117e+00 -6.471407018438705971e-02 -6.922427495791643182e-01 -4.047676788322132624e-01 2.007255789713920269e+00 -2.549244223083701133e+00 7.615270871467446634e-01 -6.361794240011295898e-01 3.823909402381353018e-01 -1.625853378124163306e+00 1.002634021690754329e+00 3.181522464322295018e-01 3.277670149311571746e-01 -1.285114331293931988e-01 7.639464340679830157e-02
2.111276125038915111e-02 9.026967741619004171e-01 1.752663543368677468e+00 1.340293862385151025e+00 -3.619625048014307733e-02 -1.868984297292512142e+00 1.148964377034576101e+00 -5.772872760279750270e-01 -7.634891512927722834e-01 -1.972774675707423375e+00 -1.358991105172718150e+00 -1.639313605386082617e+00 5.793809731269708996e-01 -5.105502715135641356e-01 -4.065913562052705932e-02 -3.479134855045517671e+00
-1.080244909541686171e+00 -3.321769659061003743e+00 -7.882784082825855521e-01 -1.262833431254130279e+00 2.890626555657286989e+00 -4.665420028922450113e-01 -5.849291998183513419e-01 -5.894273711556358153e-01 1.470157421650307050e+00 1.123507499260087084e+00 1.396955898157036469e+00 -2.417789625020590805e+00 -4.823817586990456485e-01 5.267973961728866783e-01 -1.889744517455986816e+00 1.477337336099830090e+00
