-1.339195901370785036e+00 6.980451645626901680e-01 5.243305894271715895e-01 -1.091940457637347039e+00 -1.083887214572317320e-01 5.367753041506223566e-01 -8.225419999649786762e-01 2.761726275092724059e-01 1.613591369315934720e+00 -7.910159638597972220e-01
2.524854378830125867e-01 6.558608877585769825e+00 -5.235194964183953470e-01 -1.666260402042367972e-01 8.757544564476796856e-01 -6.810298068017822670e-01 -1.302756313001457444e+00 -1.927026916887006613e-01 -8.813642357184575671e-01 1.823544477410252440e-01
2.031905824615815870e-01 2.513019865046905998e+00 1.085174916964133374e+00 6.979006449114246724e-01 -2.637610255930581404e-01 -1.523672055274588155e+00 9.282892484149040113e-01 6.772607401195266386e-01 6.768766878632358486e-01 -7.055176711376822674e-01
-1.798556017986440714e-01 2.564973824711105799e+00 2.600265330579812351e-01 -2.957160623554089263e-01 -5.087259646500176258e-01 1.603937410226744242e-01 3.219694299637121837e+00 -1.614563025758240178e+00 5.209147548683954465e-01 1.147114580991563715e+00
1.722022099386265603e-01 -3.916056831658274895e+00 -4.744399569135904771e-01 -8.070443698577626224e-01 7.172044404017571817e-02 6.242568095555784957e-01 3.161965837661499280e-04 3.593610904613965817e-01 -8.768766635086003847e-01 5.899404804640261402e-01
9.134440289204347474e-01 7.326927999637001809e-01 -2.645213256397265789e-01 -2.531072589808101153e-02 -4.130465433564543543e-01 -3.043652326707076416e-01 -1.727899691598351606e-01 1.500464571468813624e+00 -1.710358349358162888e+00 -4.116618516588461119e-01
1.619130637156108998e-01 -2.002133340463053024e+00 -3.314229947128882747e-01 -1.880731907736169717e+00 -1.398632515552635791e+00 -9.927783841931241415e-01 -1.623291034257388354e-01 9.934030465994834191e-01 2.126231057605743047e-01 -1.369162538737983326e+00
9.504450512317451638e-01 -1.198602310069971200e+00 8.284733793464227336e-01 7.241262898944484938e-01 6.554645414766616662e-01 -4.082537052244341047e-01 2.892200326081086015e+00 -4.669431741888389609e-01 1.440919445031382251e+00 7.989943135960759779e-01
-8.558787378539117752e-01 -1.455785978465389707e+00 3.804737947994119018e-01 1.642931220526695046e+00 -5.077735754899285192e-01 4.295711481010253685e-01 -1.080706705985591043e+00 5.086532872815030526e-01 2.211811536539587397e-01 -5.763259313221363173e-02
-9.749143581108260515e-02 -1.946248525830496456e+00 1.902402128610684695e+00 -5.382269175441835030e-01 1.690953676925827445e-02 -2.453539624075052217e+00 -1.557229925023418116e-01 -2.326799708045317772e+00 -9.326897275711019120e-01 -7.497931075988457650e-01
5.825416425506774187e-02 -1.631946172175106513e+00 8.092188514025141499e-01 1.213148812680491018e+00 4.370818388074588223e-01 7.832338012361405033e-01 1.274780443699816024e+00 -1.421600522429435243e+00 6.860325412618578644e-01 1.242037035458534167e-01
-1.672549905500915202e+00 2.323656221436534608e+00 5.570035457896629350e-01 -1.345301938577555312e+00 -1.213781493096953296e-01 2.275807191762927173e-01 -1.584600275192954877e+00 8.284809548556358871e-01 -1.599641674793869317e+00 -1.199956248915599710e+00
4.834746076223243039e-01 1.750069756954801825e+00 6.310620122161546552e-01 -8.554615272164114437e-01 1.410018243293922058e-01 1.291610310619727420e+00 -5.224195569347991203e-02 8.730573780563655184e-01 8.156404686509741708e-01 1.134138935757422084e+00
3.570469906176847175e-02 6.245919561403552311e-01 -8.392491391706781156e-01 9.483327744963623296e-01 -5.765164729469293148e-01 -5.228182024554460794e-01 -9.578183391697094040e-02 4.350599450594710288e-02 -1.182912694271878395e+00 1.084626037262410685e-02
2.151086971013721760e-01 3.110475412589802424e+00 -8.791547562672423766e-01 1.735314265292606517e-01 5.576471509608512678e-01 -1.925603565999621125e+00 8.618860774219063714e-01 -1.336343599198149823e+00 1.093098049520037085e+00 -2.329728425696679484e+00
9.360758584802889581e-01 -1.221801252218268408e+00 -3.208636669919998408e+00 1.387510061670889749e+00 6.100121167535971223e-01 7.017554702431219038e-01 -9.759508593642959307e-01 8.791034697024089350e-01 -7.344235550382316458e-01 -2.734903562294433987e-01
